0.2159827213822894
2.290842703042741
3.207179537087228
4.276239382782971
2.326205070281389
3.4557235421166306
2.6275432907994314
5.59520927412721
4.954978250787788
2.999867424851617
3.5299931437613896
2.159827213822894
2.7490109140878105
4.249978528939365
3.665348160086646
2.506647872100896
4.167841835104364
3.8876889848812093
2.1381196913914855
5.871435375501991
3.47725474808695
3.682356107312196
3.7157388279298984
2.4147602188406956
2.2908424970655665
4.203370425922567
4.192844992322489
2.443565302739648
3.5126251484353905
4.424601033748354
3.5126251484353905
3.771222075427325
2.9576274797674387
2.7490109140878105
2.336210411516688
5.927224293125886
5.267707626968944
3.3339566339941826
3.4882708193159
9.595852845688361
2.446526018641165
3.8833020830257405
3.0908928576607426
3.8180711717379014
4.895138174102322
2.73011745180991
3.207179537087228
2.551405476184952
3.289751254714076
3.8180711717379014
3.4137400386142938
4.469131650986475
2.5962883143909035
3.6946945519993166
4.829520437681391
2.443565302739648
7.089871103768729
2.419006644263381
2.6079408550880383
2.124989058492508
2.3758099352051834
2.5962883143909035
2.7860931907307767
3.5126251484353905
3.473331294873363
2.3758099352051834
6.492187137480173
2.4143886360184936
3.665348160086646
3.144755476751801
3.4097284271701622
2.443565302739648
2.443565302739648
3.3720451091329684
2.124989058492508
3.8876889848812093
3.47725474808695
3.2191853286380643
5.565587696709849
2.1381196913914855
6.047516198704104
2.635724498180282
2.1381196913914855
3.665348160086646
3.8876889848812093
3.622641676702973
2.51649193320882
4.373243921003898
3.978016155069899
4.175717166381572
2.4378317221194568
2.07428097982386
3.2615426807115195
3.054456937390321
3.3599025487384835
3.637072849479659
3.824784379798444
3.9758505110606777
3.9703896442190874
3.3031529535742608
2.71089257225877
5.85243521704787
4.190680172221964
5.183585313174946
2.7555305036046334
3.685119909035207
2.511350536964367
2.1381196913914855
3.9097054730738727
4.72247616003708
3.054456937390321
2.5962883143909035
4.452597863215865
2.5962883143909035
2.8077755839469365
2.4446880843160477
3.8180711717379014
2.591792656587473
3.3599025487384835
4.102424308496726
3.2870288544030735
4.5814851962721885
2.290842703042741
2.527886590483894
2.6079408550880383
4.056797068783325
4.1397795048954675
2.287315755889431
3.458438733226537
2.566791559141089
2.7319891663915907
5.008774133274416
5.696673630123262
2.1381196913914855
3.5126251484353905
3.684012987701218
5.505652870524264
4.878697899968784
2.953342124658836
3.9613839102100346
2.687167709383542
2.6275432907994314
2.0489915143336384
2.290842703042741
2.7490109140878105
5.215756064099833
2.1381196913914855
2.9017337197618915
2.1381196913914855
2.3758099352051834
3.810163296067174
2.419006644263381
3.049754066549676
2.1381196913914855
4.166730382272543
4.621124267578125
2.290842703042741
3.5738456841421433
3.023758099352052
2.8685886968031813
3.4515364381201064
4.998208328148201
3.390785530370461
5.997674666007188
3.067812703340666
2.290842703042741
2.443565302739648
2.8077753779697625
2.443565302739648
3.3734327773553505
2.963258483754893
2.1256700190303133
5.225051813970117
5.1859668212626975
4.732106004883867
2.159827213822894
2.6079408550880383
4.828998491522046
2.575821598456694
4.445134898241344
4.668550099976377
4.81796388234742
2.8077753779697625
2.591792656587473
2.8077753779697625
2.9858595351678505
5.161957709887115
3.2071797430644025
3.4149868184495435
3.6704357962886407
3.207179537087228
4.732323104825442
3.207179537087228
7.941587542869617
3.354558676931822
3.6144619111623415
3.7128324900023624
4.827849138890178
4.253988492566102
3.618101115875574
4.792226210526205
3.148462036000987
5.223805652066389
